
00000000010001000000010000010011
00000000000000000000010010110011
00000000000100000000010010010011
00000000100101001000100100110011
00000000100110010000100110110011
11111111011000000000101000010011
00000000100101000010000000100011
00000001001001000010001000100011
11111111001101000010111000100011
00000001010001000010010000100011
00000000010001000000010000010011
00000000000000000000010010110011
00000000000100000000010010010011
00000000100101001000100100110011
00000000100110010000100110110011
11111111011000000000101000010011
00000000100101000010000000100011
00000001001001000010001000100011
11111111001101000010111000100011
00000001010001000010010000100011
00000000000000000000000001100011
00000000010001000000010000010011
00000000000000000000010010110011
00000000000100000000010010010011
00000000100101001000100100110011
00000000100110010000100110110011
11111111011000000000101000010011
00000000100101000010000000100011
00000001001001000010001000100011
11111111001101000010111000100011
00000001010001000010010000100011
00000000000000000000000001100011
00000000010001000000010000010011
00000000000000000000010010110011
00000000000100000000010010010011
00000000100101001000100100110011
00000000100110010000100110110011
11111111011000000000101000010011
00000000100101000010000000100011
00000001001001000010001000100011
11111111001101000010111000100011
00000001010001000010010000100011
00000000000000000000000001100011
00000000010001000000010000010011
00000000000000000000010010110011
00000000000100000000010010010011
00000000100101001000100100110011
00000000100110010000100110110011
11111111011000000000101000010011
00000000100101000010000000100011
00000001001001000010001000100011
11111111001101000010111000100011
00000001010001000010010000100011
00000000000000000000000001100011
00000000010001000000010000010011
00000000000000000000010010110011
00000000000100000000010010010011
00000000100101001000100100110011
00000000100110010000100110110011
11111111011000000000101000010011
00000000100101000010000000100011
00000001001001000010001000100011
11111111001101000010111000100011
00000001010001000010010000100011
00000000000000000000000001100011
00000000010001000000010000010011
00000000000000000000010010110011
00000000000100000000010010010011
00000000100101001000100100110011
00000000100110010000100110110011
11111111011000000000101000010011
00000000100101000010000000100011
00000001001001000010001000100011
11111111001101000010111000100011
00000001010001000010010000100011
00000000000000000000000001100011
00010000000000000000000100010011
00000000111100000000000010010011
00000000101000000000000100010011
11111110001000001000010011100011
01000000001000001000000010110011
00000001100000000000000001101111
00000000000100010010000000100011
00000000000000001000000001100111
00000000000000000000000001100011
